MAE: 0.8100889883268519
MSE: 1.3041958575569226
R^2: 0.9683001207968428
